Trained Epochs: 11
Performance Metrics:
loss: 0.9927280964471041
mean_rank: 19552.2587890625
mrr: 0.009633658919483423
hits_at_1: 0.007211805088445544
hits_at_3: 0.011418650392442942
hits_at_10: 0.012658171355724335
