Trained Epochs: 21
Performance Metrics:
loss: 0.6750628449347816
mean_rank: 1749.005712890625
mrr: 0.0036363251507282256
hits_at_1: 0.0010959820356220007
hits_at_3: 0.002006268501281738
hits_at_10: 0.0036501552909612655
