Trained Epochs: 161
Performance Metrics:
loss: 0.8259841894777133
mean_rank: 128.19088439941407
mrr: 0.024315232783555983
hits_at_1: 0.0016170551534742117
hits_at_3: 0.006620432063937187
hits_at_10: 0.0644380658864975
